<?xml version="1.0"?>
<opencv_storage>
<HOG_SVM type_id="opencv-object-detector-hog">
  <winSize>
    80 128</winSize>
  <blockSize>
    16 16</blockSize>
  <blockStride>
    8 8</blockStride>
  <cellSize>
    8 8</cellSize>
  <nbins>9</nbins>
  <derivAperture>1</derivAperture>
  <winSigma>4.</winSigma>
  <histogramNormType>0</histogramNormType>
  <L2HysThreshold>2.0000000000000001e-01</L2HysThreshold>
  <gammaCorrection>1</gammaCorrection>
  <nlevels>64</nlevels>
  <signedGradient>0</signedGradient>
  <SVMDetector>
    2.03271443e-03 -1.72449406e-02 6.12390861e-02 4.93555963e-02
    2.87607573e-02 7.07099289e-02 1.59706324e-02 -4.99391276e-03
    -1.77282537e-03 3.55731649e-03 -1.79430936e-02 8.15338164e-04
    1.10785523e-03 -7.64460862e-02 2.83152685e-02 4.36200015e-03
    -4.02742624e-03 8.17914214e-03 -2.00946592e-02 -3.05706412e-02
    2.53415368e-02 1.88256204e-02 -2.95642577e-02 5.70172854e-02
    3.80949639e-02 5.71419019e-03 -7.39925634e-03 -1.32267894e-02
    -2.23335642e-02 4.33105015e-04 1.63997933e-02 -9.63856056e-02
    -1.49173671e-02 4.93467133e-03 -7.69677432e-03 6.60629384e-03
    3.40154283e-02 1.00356182e-02 1.32113518e-02 3.93843725e-02
    -1.79450922e-02 2.14059874e-02 -1.23492889e-02 -1.65553726e-02
    2.97601186e-02 3.49711850e-02 1.11606729e-03 -2.86413748e-02
    -1.57298986e-02 -1.58587359e-02 -4.66977172e-02 -6.17883205e-02
    -1.23236375e-02 5.20288870e-02 3.85344401e-02 2.13566460e-02
    2.16043796e-02 3.30153555e-02 -3.61230318e-03 1.82044152e-02
    7.47267343e-03 -9.78395436e-03 1.94415804e-02 2.91438513e-02
    -1.43558327e-02 -1.68917831e-02 -2.91131809e-03 -4.12118714e-03
    -1.23246934e-03 -4.81987707e-02 -3.89907323e-02 3.79239745e-03
    2.88081039e-02 -1.00245709e-02 5.70430048e-03 2.73490287e-02
    4.11342606e-02 -1.02692423e-03 -3.01641729e-02 9.06756427e-03
    7.08151609e-02 -2.72493856e-03 -5.67373354e-03 1.06432976e-03
    -3.16800997e-02 2.33182479e-02 1.34658301e-02 3.80886067e-03
    3.11554107e-03 -5.81979891e-03 1.12290867e-02 -1.76359958e-03
    1.15382960e-02 4.33711670e-02 5.34031279e-02 5.27498834e-02
    -2.87133250e-02 -1.08517287e-02 3.38678667e-03 8.36302713e-03
    -2.22331900e-02 2.61193812e-02 7.53985438e-03 1.21315327e-02
    3.27538997e-02 4.96559311e-03 -8.84117035e-05 -1.24854650e-02
    -2.62592407e-03 1.70177761e-02 3.06566730e-02 6.66246982e-03
    3.32278982e-02 9.31788329e-03 1.21141011e-02 -2.30193418e-02
    -4.23502102e-02 1.64412451e-03 2.59653665e-02 1.26893008e-02
    2.02644188e-02 5.66160120e-02 3.79529148e-02 1.24388738e-02
    -1.67099871e-02 -6.86383620e-03 8.95501673e-03 4.27169204e-02
    6.89461306e-02 4.21316139e-02 1.35350612e-03 3.38335373e-02
    3.82077731e-02 -1.75590664e-02 -3.36500145e-02 2.84103211e-02
    5.35041243e-02 5.51341474e-02 2.14250125e-02 6.13671839e-02
    5.53491898e-02 5.06108664e-02 -7.08024995e-03 -1.57691948e-02
    -2.38318536e-02 -2.52603851e-02 -1.98497679e-02 -1.32447388e-02
    9.42993071e-03 1.84731055e-02 2.24842317e-03 -4.86835884e-03
    8.34906381e-03 -4.45269942e-02 -2.78699677e-02 -1.79512817e-02
    1.59433633e-02 3.06783579e-02 3.71022895e-02 -2.75910683e-02
    -7.18337111e-03 -2.42533945e-02 -2.57592020e-03 1.75580829e-02
    4.85832384e-03 -9.00553539e-03 -7.92613812e-03 4.59340699e-02
    2.31308024e-03 -1.45879854e-02 -1.29650338e-02 1.17777903e-02
    1.02555137e-02 2.64667440e-02 3.41886245e-02 8.30902439e-03
    2.35466696e-02 -1.62727926e-02 9.58333910e-03 -3.18580978e-02
    -9.61704366e-03 6.95283944e-03 -1.94107741e-02 1.87979043e-02
    -4.89499755e-02 -3.72812850e-03 -4.24334183e-02 1.31177846e-02
    9.28696617e-03 -1.02754971e-02 3.75480801e-02 -3.79932323e-03
    -1.23593612e-02 2.68034567e-03 2.17814483e-02 -5.72617278e-02
    -5.36039099e-03 -2.39521638e-02 -1.45397037e-02 9.32693016e-03
    -8.88380595e-03 5.46545815e-03 -6.14798516e-02 -1.09156854e-02
    -2.11802516e-02 -7.30584050e-03 -3.88939753e-02 -6.61441460e-02
    1.18330689e-02 -3.06421276e-02 -3.27037014e-02 2.69403737e-02
    1.33674536e-02 2.76375166e-03 3.15298252e-02 -4.86619957e-02
    -1.98415369e-02 4.69189463e-03 -3.50280963e-02 -1.75926462e-02
    -4.45264857e-03 -1.92566123e-02 -6.56568408e-02 -1.06229400e-02
    -1.45016108e-02 -1.33230980e-03 1.38974739e-02 -6.61265804e-03
    7.84824193e-02 6.89654946e-02 4.64154296e-02 -3.00694332e-02
    3.39022052e-04 -1.04385065e-02 -2.46696901e-02 1.71271770e-03
    -4.40998860e-02 -3.67111759e-03 -3.21939774e-02 -4.19368483e-02
    -5.78487702e-02 2.78716069e-02 1.50964805e-03 1.09548960e-02
    -3.96107743e-03 -2.66598035e-02 4.45095822e-02 5.20242117e-02
    7.45804142e-03 -4.82760668e-02 2.21371627e-03 4.95878123e-02
    -1.49707654e-02 -1.66661087e-02 -1.12609118e-02 3.51523496e-02
    7.24719558e-03 6.68610260e-03 -3.04069221e-02 -2.70928536e-02
    -5.41077042e-03 6.36722101e-03 -3.80764753e-02 -4.97824624e-02
    3.97497825e-02 2.82913707e-02 -2.66599245e-02 -5.99789135e-02
    -1.78194847e-02 1.60448123e-02 2.12536827e-02 -1.41065754e-02
    -2.61243675e-02 -2.94536352e-03 -4.09748964e-02 -1.12833055e-02
    -4.53692637e-02 1.76954586e-02 2.96829902e-02 1.16016401e-03
    -3.07547022e-03 -3.14312093e-02 7.89400376e-03 -2.74984334e-02
    -3.19489948e-02 -4.43654284e-02 -2.43228488e-02 5.83916251e-03
    3.23765539e-02 -2.78583653e-02 -5.14968671e-02 2.88757719e-02
    2.42464598e-02 1.04752975e-02 -2.77827457e-02 5.00160619e-04
    3.42687219e-02 -2.44990177e-03 -4.17747684e-02 -5.20917736e-02
    -1.02301640e-02 -1.36017092e-02 1.43058235e-02 -4.35344409e-03
    4.35469905e-04 -1.94833651e-02 2.01840494e-02 1.68171842e-02
    8.63177818e-04 1.73415635e-02 1.48678627e-02 2.82566603e-02
    9.40229394e-04 -5.77258877e-03 3.12841758e-02 4.50226665e-03
    1.33914622e-02 1.59463752e-02 1.68426819e-02 -1.30149340e-02
    -2.09560385e-03 9.81936883e-03 1.06202196e-02 -1.45048182e-03
    -2.95153749e-03 -3.96647006e-02 -4.32668328e-02 8.34941771e-03
    4.37700301e-02 2.10848693e-02 6.64197281e-03 -2.18327958e-02
    -2.10768040e-02 -1.83987636e-02 -7.16439933e-02 -8.28454085e-03
    6.44085035e-02 6.76251128e-02 2.39169225e-02 7.09294621e-03
    -3.40318233e-02 -2.25151237e-02 8.02771002e-03 -6.33792207e-03
    3.34834051e-03 2.05466002e-02 1.68447308e-02 3.62512618e-02
    9.78345424e-03 1.32332006e-02 8.13433062e-03 5.50547056e-03
    -4.01050635e-02 1.35929184e-03 1.07497394e-01 2.90327463e-02
    4.73556295e-02 2.50467937e-02 -1.77390855e-02 -7.33885588e-03
    -4.77286568e-03 -7.69601464e-02 1.12531194e-02 8.03576112e-02
    4.00091670e-02 1.29548879e-02 -6.64992433e-04 2.53074220e-04
    2.16379352e-02 -2.63546389e-02 -5.60489222e-02 1.73774846e-02
    2.54685935e-02 -3.60446163e-02 1.35121942e-02 -1.94317959e-02
    8.21394846e-03 -2.11247019e-02 3.50786336e-02 -1.63379163e-02
    2.60537211e-02 8.60299841e-02 1.91742666e-02 2.07112674e-02
    2.93914601e-03 1.01392036e-02 4.45211530e-02 1.81131139e-02
    -2.32602712e-02 4.33217585e-02 3.91972698e-02 2.38383189e-02
    1.47975395e-02 -3.12228408e-03 1.77496474e-03 2.42377128e-02
    -9.01487307e-04 -1.97816286e-02 1.39874825e-02 3.64003219e-02
    -3.03897094e-02 2.20628455e-03 6.96489634e-03 2.03517247e-02
    -2.54385211e-02 -4.75842413e-03 -2.46112645e-02 -2.15794388e-02
    5.78105152e-02 -1.83069967e-02 -2.45047957e-02 -4.11980078e-02
    2.35087122e-03 -1.83750428e-02 3.19826119e-02 -2.91003641e-02
    2.50348616e-02 1.74352098e-02 -5.47330501e-03 -5.44598047e-03
    7.66255381e-03 1.68009326e-02 4.73663909e-03 2.75512170e-02
    -5.05408049e-02 -4.24901247e-02 1.45237939e-02 -9.53675155e-03
    1.99201852e-02 1.30152255e-02 -2.38082628e-03 3.16420570e-03
    3.78752537e-02 5.75199910e-03 7.93821923e-03 3.84720676e-02
    -4.41939123e-02 -3.34198847e-02 -4.56019789e-02 1.11521203e-02
    3.90526094e-02 3.70110497e-02 1.96409971e-02 2.51688883e-02
    8.25121924e-02 -4.07595150e-02 -6.87424913e-02 -7.74817616e-02
    -2.11524721e-02 4.45435718e-02 5.16510904e-02 1.22691318e-03
