<?xml version="1.0"?>
<opencv_storage>
<HOG_SVM type_id="opencv-object-detector-hog">
  <winSize>
    80 128</winSize>
  <blockSize>
    16 16</blockSize>
  <blockStride>
    8 8</blockStride>
  <cellSize>
    8 8</cellSize>
  <nbins>9</nbins>
  <derivAperture>1</derivAperture>
  <winSigma>4.</winSigma>
  <histogramNormType>0</histogramNormType>
  <L2HysThreshold>2.0000000000000001e-01</L2HysThreshold>
  <gammaCorrection>1</gammaCorrection>
  <nlevels>64</nlevels>
  <signedGradient>0</signedGradient>
  <SVMDetector>
    2.63474113e-03 -1.11767584e-02 6.22048080e-02 4.10124063e-02
    3.13962214e-02 5.97641170e-02 1.67769976e-02 -1.05156861e-02
    -1.08226687e-02 3.14077013e-03 -1.48757417e-02 -3.38470563e-03
    1.86949852e-03 -7.76386783e-02 3.20314467e-02 1.23319030e-02
    2.38184538e-03 3.61396722e-03 -1.21896528e-02 -1.60643123e-02
    3.40467580e-02 9.95120313e-03 -3.49736698e-02 5.15144579e-02
    3.23647708e-02 4.67956858e-03 -1.79960094e-02 -1.51835764e-02
    -1.37437489e-02 5.27709955e-03 9.92453936e-03 -9.46872085e-02
    -8.13392363e-03 1.18438350e-02 2.15260196e-03 -1.19020855e-02
    3.91526222e-02 1.63219031e-02 1.33341132e-02 3.71460579e-02
    -2.47817840e-02 3.38013656e-02 -4.48665069e-03 -1.40838297e-02
    2.94885486e-02 3.26590724e-02 -1.00293942e-03 -2.59597562e-02
    -1.42770689e-02 -1.88040435e-02 -3.27274352e-02 -6.56144917e-02
    -1.28912078e-02 5.23608774e-02 4.79560010e-02 3.13795544e-02
    2.52557881e-02 2.93901693e-02 -6.80629397e-03 2.16436945e-02
    5.41911321e-03 -1.03099737e-02 2.29549082e-03 2.51606032e-02
    -1.30088609e-02 -1.77437384e-02 -6.87627681e-03 -1.42181180e-02
    -1.28905403e-05 -4.66136262e-02 -4.18862849e-02 3.49498237e-04
    2.52619032e-02 -1.51186716e-02 1.85946953e-02 3.94795612e-02
    5.13369404e-02 -1.75054837e-03 -3.99545878e-02 2.59524793e-03
    7.47264996e-02 -4.16310737e-03 -3.97647126e-03 -3.18334834e-03
    -3.84245478e-02 1.41501119e-02 1.06010353e-02 4.04798845e-03
    9.47082415e-03 -6.92016771e-03 8.10239371e-03 -1.03322268e-02
    1.26682613e-02 4.65337113e-02 4.84748147e-02 5.14913201e-02
    -3.39332037e-02 -1.80841312e-02 5.61395474e-03 4.52518201e-04
    -2.53288541e-02 2.38379724e-02 6.73944596e-03 9.57041141e-03
    2.95353215e-02 4.06776229e-03 -6.11461606e-03 -2.29122527e-02
    -9.23796929e-03 1.71682984e-02 2.47784536e-02 9.24696401e-03
    2.71256752e-02 2.53152079e-03 1.70651115e-02 -1.50949452e-02
    -4.90175635e-02 -3.46358120e-03 2.72284318e-02 2.11706385e-02
    2.67334115e-02 5.06858043e-02 2.42533758e-02 6.51803380e-03
    -2.28364319e-02 -7.13512953e-03 7.66328711e-04 3.42475213e-02
    7.40017742e-02 4.35938090e-02 1.67611595e-02 3.53785418e-02
    4.10092883e-02 -1.58801433e-02 -4.12666984e-02 2.62001101e-02
    4.32371646e-02 6.01601116e-02 2.18352135e-02 7.02938735e-02
    5.55457324e-02 5.01321554e-02 -7.23275915e-03 -1.30277956e-02
    -2.88423840e-02 -2.72649452e-02 -1.90319456e-02 -8.09464604e-03
    7.38092605e-03 1.00425761e-02 -6.05595252e-03 -8.57623573e-03
    1.05391378e-02 -4.85387482e-02 -2.97882780e-02 -2.80130636e-02
    1.79650616e-02 2.45290212e-02 2.66695563e-02 -4.04769890e-02
    -1.40166543e-02 -2.00640224e-02 -1.03505999e-02 1.02931093e-02
    9.06309142e-05 -7.87780341e-03 2.52160477e-04 5.02107553e-02
    7.72557687e-03 3.43311299e-03 -5.09505579e-03 6.79104635e-03
    6.90937508e-03 1.44643718e-02 3.90235148e-02 -5.92008838e-03
    1.13630872e-02 -2.16844771e-02 1.12607963e-02 -3.06312349e-02
    -1.02585200e-02 4.00151778e-03 -1.36857023e-02 1.92493722e-02
    -4.33952436e-02 -1.07942591e-03 -3.71174403e-02 1.43398680e-02
    1.79721471e-02 -1.25947483e-02 2.78009418e-02 1.80252784e-04
    -1.59459487e-02 -3.93630192e-03 2.20101085e-02 -6.24776445e-02
    1.09696772e-03 -1.82069745e-02 -1.36534441e-02 9.87314153e-03
    -5.15322760e-03 7.40630040e-03 -5.05404733e-02 -5.76421758e-03
    -1.45373754e-02 -7.17509957e-03 -3.41304988e-02 -5.59329726e-02
    1.16802482e-02 -2.63611712e-02 -3.01964562e-02 2.64108591e-02
    1.72444377e-02 3.74063780e-03 2.82466523e-02 -5.00168167e-02
    -1.90826859e-02 2.64687138e-03 -2.56614257e-02 -2.00677626e-02
    -3.42858629e-03 -1.59152746e-02 -7.04946294e-02 -8.71233642e-03
    -1.18520185e-02 -7.46039092e-04 9.45653953e-03 -9.78519165e-05
    7.94743970e-02 6.69589192e-02 4.51985262e-02 -4.19973284e-02
    -3.28911177e-04 -1.33245522e-02 -1.36461370e-02 4.32450371e-03
    -3.50445025e-02 -1.25233624e-02 -2.16552205e-02 -3.38043123e-02
    -5.31052053e-02 2.72387955e-02 5.69209550e-03 1.41675714e-02
    -9.92982090e-03 -2.64771208e-02 4.66455445e-02 5.28004542e-02
    1.23749562e-02 -3.97978723e-02 1.08925197e-02 4.69971560e-02
    -1.61865745e-02 -2.23199576e-02 -1.81575269e-02 1.91917531e-02
    7.29801366e-03 1.57623850e-02 -4.56872918e-02 -2.27344483e-02
    -3.72287206e-04 4.04409552e-03 -3.84471826e-02 -5.42488620e-02
    2.68505421e-02 2.68572085e-02 -1.24264415e-02 -6.05123490e-02
    -9.36844479e-03 1.78582892e-02 2.36991327e-02 -2.54734904e-02
    -3.58552560e-02 2.91798450e-03 -4.03394699e-02 -3.79529689e-03
    -4.22752127e-02 2.22668275e-02 2.80295759e-02 1.27178233e-03
    2.19692185e-04 -3.92259769e-02 8.55141785e-03 -4.97134402e-03
    -2.35563405e-02 -4.12488133e-02 -1.89819261e-02 7.88427610e-03
    2.03227084e-02 -1.88312791e-02 -5.53321131e-02 1.31601291e-02
    3.05863414e-02 1.48670068e-02 -1.12591181e-02 2.54526152e-03
    1.94950346e-02 -5.44502540e-03 -3.99033092e-02 -5.33359461e-02
    -2.20385361e-02 -1.54392570e-02 9.03676171e-03 1.49834314e-02
    1.45943742e-03 -2.34489981e-02 1.85175966e-02 1.96454693e-02
    -1.10317569e-03 1.16823604e-02 2.42528152e-02 2.35094242e-02
    5.34857390e-03 -2.39757169e-03 2.07644049e-02 6.21883897e-03
    1.79370549e-02 1.87974982e-02 6.01314008e-03 -1.34510901e-02
    -1.61805062e-03 1.95031334e-02 1.44317746e-02 -6.80808676e-04
    -2.65860511e-03 -4.13831137e-02 -4.44909260e-02 7.87142478e-03
    3.19580473e-02 1.56103922e-02 1.84633639e-02 -1.55427558e-02
    -2.17662565e-02 -1.37666799e-02 -7.24198520e-02 -1.29848709e-02
    7.17123002e-02 7.07399696e-02 2.53188536e-02 3.23856575e-03
    -3.29798758e-02 -2.38790605e-02 -2.47848709e-03 -2.43006833e-03
    1.11213708e-02 2.22664215e-02 1.07794432e-02 5.16280271e-02
    2.64274534e-02 1.50728114e-02 7.45623372e-03 -1.87777216e-03
    -3.95120122e-02 1.35641033e-02 1.05709285e-01 3.96788940e-02
    4.98453379e-02 2.69980989e-02 -1.57580674e-02 -2.01055948e-02
    -7.71939289e-04 -7.91379437e-02 1.37417288e-02 8.30858424e-02
    2.44915336e-02 3.41694383e-03 4.62072669e-04 -3.30950320e-03
    1.95345189e-02 -2.53932979e-02 -5.47109060e-02 1.68155245e-02
    4.76914793e-02 -3.04449815e-02 1.09166913e-02 -1.77779309e-02
    -5.09796198e-04 -3.12443357e-02 3.06903590e-02 -1.89534295e-02
    2.67875232e-02 9.58577245e-02 1.22288968e-02 1.86408851e-02
    1.14353914e-02 -5.39416587e-03 2.39551365e-02 1.40689425e-02
    -2.53464486e-02 4.35948893e-02 6.37812391e-02 3.04502491e-02
    1.63458288e-02 -1.44072587e-03 -1.03935534e-02 1.85959544e-02
    -1.52529473e-03 -1.58018284e-02 2.46244646e-03 4.28741276e-02
    -3.87054943e-02 -9.88940243e-03 5.44707756e-03 1.69971678e-02
    -3.68716829e-02 -6.00726809e-03 -2.27141269e-02 -2.61885151e-02
    5.24250679e-02 -1.82467755e-02 -3.33042592e-02 -4.50195037e-02
    -3.39627732e-04 -2.39065923e-02 3.18063982e-02 -2.54129712e-02
    1.48875397e-02 2.04432290e-02 -1.49023607e-02 -4.49968269e-03
    4.74029547e-03 8.71059112e-03 5.08275256e-03 2.84598842e-02
    -4.05454636e-02 -3.36981453e-02 8.47935677e-03 -1.19396057e-02
    9.63231828e-03 -1.11952180e-03 -7.49771716e-03 3.25348927e-03
    3.18699218e-02 5.13386587e-03 1.00037525e-03 3.09218504e-02
    -4.78407964e-02 -4.03640494e-02 -4.37268950e-02 1.44269066e-02
    3.42497639e-02 2.66335625e-02 1.06661273e-02 2.06117835e-02
    8.80380869e-02 -3.58392000e-02 -7.99935013e-02 -6.59564957e-02
    -1.22857345e-02 3.67397591e-02 4.46862541e-02 -3.24291340e-03
